1545
11686
16151
1208
1481
1517
1661
1700
1701
1717
1718
1719
1725
1736
1738
1745
1747
1748
1749
1750
1751
1752
1771
1778
1780
1781
1782
1783
1785
1786
1787
1788
1789
1790
1791
1792
1793
1794
1795
1796
1797
1798
1799
1800
1801
1802
1803
1808
1809
1812
1828
1829
1839
1840
1841
2002
2003
2005
2006
2013
2017
2028
2091
2093
2097
2099
2100
2101
2102
2103
2104
2127
2130
2131
2132
2135
2136
2144
2146
2147
2149
2150
2170
2186
2190
2192
2201
2202
2224
2225
2226
2227
2229
2230
2231
2232
2233
2294
2296
2297
2298
2299
2300
2301
2302
2312
2316
2317
2318
2320
2322
2331
2332
2333
2336
2337
2339
2340
2344
2360
2361
2415
2417
2421
2426
2452
2514
2515
2516
2517
2518
2519
2520
2521
2522
2523
2524
2525
2526
2527
2528
2563
2564
2565
2566
2575
2596
2602
2603
2627
2628
2629
2630
2631
2632
2648
2700
2713
2718
2738
2739
2741
2742
2833
2834
2835
2841
2842
11705
11706
11707
11709
11718
11719
11726
11727
11728
11733
11737
11743
11745
14446
14481
14494
14532
14604
14705
14722
14806
14861
14866
19172
19173
19174
19175
19176
19581
19584
19585
19612
19613
19614
19615
19616
19617
19623
19805
19806
19807
19808
1909
19813
19814
19815
19825
19830
19831
19918
199921