400 0.0 0.0 45.0
401 0.0 0.0 45.0
404 0.0 0.0 45.0
405 0.0 0.0 45.0
410 0.0 0.0 45.0
412 0.0 0.0 45.0
418 0.0 0.0 45.0
419 0.0 0.0 45.0
421 0.0 0.0 45.0
422 0.0 0.0 45.0
426 0.0 0.0 45.0
436 0.0 0.0 45.0
439 0.0 0.0 45.0
445 0.0 0.0 45.0
466 0.0 0.0 45.0
467 0.0 0.0 45.0
474 0.0 0.0 45.0
475 0.0 0.0 45.0
477 0.0 0.0 45.0
479 0.0 0.0 45.0
491 0.0 0.0 45.0
492 0.0 0.0 45.0
496 0.0 0.0 45.0
507 0.0 0.0 45.0
516 0.0 0.0 45.0
517 0.0 0.0 45.0
518 0.0 0.0 45.0
527 0.0 0.0 45.0
529 0.0 0.0 45.0
533 0.0 0.0 45.0
534 0.0 0.0 45.0
536 0.0 0.0 45.0
540 0.0 0.0 45.0
542 0.0 0.0 45.0
543 0.0 0.0 45.0
545 0.0 0.0 45.0
546 0.0 0.0 45.0
547 0.0 0.0 45.0
549 0.0 0.0 45.0
550 0.0 0.0 45.0
551 0.0 0.0 45.0
554 0.0 0.0 45.0
555 0.0 0.0 45.0
566 0.0 0.0 45.0
567 0.0 0.0 45.0
575 0.0 0.0 45.0
576 0.0 0.0 45.0
579 0.0 0.0 45.0
580 0.0 0.0 45.0
585 0.0 0.0 45.0
602 0.0 0.0 45.0